digraph {
	0
	1
	2
	3
	4
		0 -> 4
		1 -> 4
	5
		2 -> 5
	6
		2 -> 6
	7
		3 -> 7
		4 -> 7
	8
		5 -> 8
	9
		6 -> 9
	10
		6 -> 10
	11
		7 -> 11
		8 -> 11
	12
		9 -> 12
		10 -> 12
	13
		11 -> 13
	14
		12 -> 14
		13 -> 14
	15
		14 -> 15
	16
		15 -> 16
	17
		15 -> 17
	18
		16 -> 18
	19
		17 -> 19
		18 -> 19
	20
		19 -> 20
	21
		20 -> 21
	22
		20 -> 22
	23
		21 -> 23
	24
		22 -> 24
	25
		23 -> 25
	26
		23 -> 26
	27
		24 -> 27
	28
		24 -> 28
	29
		25 -> 29
	30
		26 -> 30
	31
		26 -> 31
	32
		27 -> 32
	33
		27 -> 33
	34
		28 -> 34
		29 -> 34
	35
		30 -> 35
	36
		31 -> 36
		32 -> 36
	37
		33 -> 37
	38
		33 -> 38
	39
		34 -> 39
	40
		35 -> 40
	41
		36 -> 41
	42
		37 -> 42
	43
		38 -> 43
		39 -> 43
	44
		40 -> 44
	45
		40 -> 45
	46
		41 -> 46
	47
		41 -> 47
	48
		42 -> 48
	49
		43 -> 49
		44 -> 49
	50
		45 -> 50
	51
		45 -> 51
	52
		46 -> 52
	53
		46 -> 53
	54
		47 -> 54
	55
		47 -> 55
	56
		48 -> 56
		49 -> 56
	57
		50 -> 57
	58
		50 -> 58
	59
		51 -> 59
	60
		52 -> 60
		53 -> 60
	61
		54 -> 61
		55 -> 61
	62
		56 -> 62
	63
		57 -> 63
	64
		58 -> 64
	65
		59 -> 65
		60 -> 65
	66
		61 -> 66
	67
		62 -> 67
	68
		63 -> 68
	69
		63 -> 69
	70
		64 -> 70
		65 -> 70
	71
		66 -> 71
	72
		66 -> 72
	73
		67 -> 73
	74
		67 -> 74
	75
		68 -> 75
	76
		68 -> 76
	77
		69 -> 77
	78
		70 -> 78
		71 -> 78
	79
		72 -> 79
	80
		73 -> 80
		74 -> 80
	81
		75 -> 81
	82
		75 -> 82
	83
		76 -> 83
		77 -> 83
	84
		78 -> 84
	85
		78 -> 85
	86
		79 -> 86
	87
		79 -> 87
	88
		80 -> 88
		81 -> 88
	89
		82 -> 89
	90
		82 -> 90
	91
		83 -> 91
		84 -> 91
	92
		85 -> 92
	93
		86 -> 93
		87 -> 93
	94
		88 -> 94
	95
		88 -> 95
	96
		89 -> 96
	97
		89 -> 97
	98
		90 -> 98
		91 -> 98
	99
		92 -> 99
		93 -> 99
}