digraph {
	0
	1
		0 -> 1
	2
		0 -> 2
	3
		1 -> 3
	4
		1 -> 4
	5
		2 -> 5
	6
		2 -> 6
	7
		3 -> 7
	8
		3 -> 8
	9
		4 -> 9
	10
		4 -> 10
	11
		5 -> 11
	12
		5 -> 12
	13
		6 -> 13
	14
		6 -> 14
	15
		7 -> 15
	16
		7 -> 16
	17
		8 -> 17
	18
		8 -> 18
	19
		9 -> 19
	20
		9 -> 20
	21
		10 -> 21
	22
		10 -> 22
	23
		11 -> 23
	24
		11 -> 24
	25
		12 -> 25
	26
		12 -> 26
	27
		13 -> 27
	28
		13 -> 28
	29
		14 -> 29
	30
		14 -> 30
	31
		15 -> 31
	32
		15 -> 32
	33
		16 -> 33
	34
		16 -> 34
	35
		17 -> 35
	36
		17 -> 36
	37
		18 -> 37
	38
		18 -> 38
	39
		19 -> 39
	40
		19 -> 40
	41
		20 -> 41
	42
		20 -> 42
	43
		21 -> 43
	44
		21 -> 44
	45
		22 -> 45
	46
		22 -> 46
	47
		23 -> 47
	48
		23 -> 48
	49
		24 -> 49
	50
		24 -> 50
	51
		25 -> 51
	52
		25 -> 52
	53
		26 -> 53
	54
		26 -> 54
	55
		27 -> 55
	56
		27 -> 56
	57
		28 -> 57
	58
		28 -> 58
	59
		29 -> 59
	60
		29 -> 60
	61
		30 -> 61
	62
		30 -> 62
	63
		31 -> 63
	64
		31 -> 64
	65
		32 -> 65
	66
		32 -> 66
	67
		33 -> 67
	68
		33 -> 68
	69
		34 -> 69
	70
		34 -> 70
	71
		35 -> 71
	72
		35 -> 72
	73
		36 -> 73
	74
		36 -> 74
	75
		37 -> 75
	76
		37 -> 76
	77
		38 -> 77
	78
		38 -> 78
	79
		39 -> 79
	80
		39 -> 80
	81
		40 -> 81
	82
		40 -> 82
	83
		41 -> 83
	84
		41 -> 84
	85
		42 -> 85
	86
		42 -> 86
	87
		43 -> 87
	88
		43 -> 88
	89
		44 -> 89
	90
		44 -> 90
	91
		45 -> 91
	92
		45 -> 92
	93
		46 -> 93
	94
		46 -> 94
	95
		47 -> 95
	96
		47 -> 96
	97
		48 -> 97
	98
		48 -> 98
	99
		49 -> 99
}