digraph {
	0
	1
	2
		0 -> 2
	3
		0 -> 3
	4
		0 -> 4
	5
		0 -> 5
	6
		0 -> 6
	7
		1 -> 7
	8
		1 -> 8
	9
		1 -> 9
	10
		1 -> 10
	11
		1 -> 11
	12
		2 -> 12
		3 -> 12
		4 -> 12
		5 -> 12
		6 -> 12
	13
		7 -> 13
	14
		7 -> 14
	15
		7 -> 15
	16
		7 -> 16
	17
		7 -> 17
	18
		8 -> 18
	19
		9 -> 19
		10 -> 19
		11 -> 19
		12 -> 19
		13 -> 19
	20
		14 -> 20
		15 -> 20
		16 -> 20
		17 -> 20
		18 -> 20
	21
		19 -> 21
	22
		19 -> 22
	23
		19 -> 23
	24
		19 -> 24
	25
		19 -> 25
	26
		20 -> 26
		21 -> 26
		22 -> 26
		23 -> 26
		24 -> 26
	27
		25 -> 27
	28
		25 -> 28
	29
		25 -> 29
	30
		25 -> 30
	31
		25 -> 31
	32
		26 -> 32
		27 -> 32
		28 -> 32
		29 -> 32
		30 -> 32
	33
		31 -> 33
		32 -> 33
	34
		33 -> 34
	35
		34 -> 35
	36
		34 -> 36
	37
		34 -> 37
	38
		34 -> 38
	39
		34 -> 39
	40
		35 -> 40
	41
		35 -> 41
	42
		35 -> 42
	43
		35 -> 43
	44
		35 -> 44
	45
		36 -> 45
	46
		37 -> 46
		38 -> 46
		39 -> 46
		40 -> 46
		41 -> 46
	47
		42 -> 47
	48
		43 -> 48
	49
		44 -> 49
	50
		45 -> 50
	51
		45 -> 51
	52
		45 -> 52
	53
		45 -> 53
	54
		45 -> 54
	55
		46 -> 55
	56
		46 -> 56
	57
		46 -> 57
	58
		46 -> 58
	59
		46 -> 59
	60
		47 -> 60
	61
		48 -> 61
		49 -> 61
		50 -> 61
		51 -> 61
		52 -> 61
	62
		53 -> 62
	63
		53 -> 63
	64
		53 -> 64
	65
		53 -> 65
	66
		53 -> 66
	67
		54 -> 67
	68
		54 -> 68
	69
		54 -> 69
	70
		54 -> 70
	71
		54 -> 71
	72
		55 -> 72
		56 -> 72
		57 -> 72
		58 -> 72
		59 -> 72
	73
		60 -> 73
	74
		60 -> 74
	75
		60 -> 75
	76
		60 -> 76
	77
		60 -> 77
	78
		61 -> 78
	79
		61 -> 79
	80
		61 -> 80
	81
		61 -> 81
	82
		61 -> 82
	83
		62 -> 83
		63 -> 83
		64 -> 83
		65 -> 83
		66 -> 83
	84
		67 -> 84
	85
		67 -> 85
	86
		67 -> 86
	87
		67 -> 87
	88
		67 -> 88
	89
		68 -> 89
		69 -> 89
		70 -> 89
		71 -> 89
		72 -> 89
	90
		73 -> 90
	91
		73 -> 91
	92
		73 -> 92
	93
		73 -> 93
	94
		73 -> 94
	95
		74 -> 95
	96
		74 -> 96
	97
		74 -> 97
	98
		74 -> 98
	99
		74 -> 99
}