digraph {
	0
	1
	2
	3
		0 -> 3
	4
		0 -> 4
		1 -> 4
	5
		1 -> 5
	6
		0 -> 6
	7
		2 -> 7
	8
		3 -> 8
		4 -> 8
		5 -> 8
	9
		4 -> 9
	10
		4 -> 10
		5 -> 10
	11
	12
		1 -> 12
		6 -> 12
	13
		7 -> 13
	14
		7 -> 14
	15
		8 -> 15
		9 -> 15
	16
		8 -> 16
		9 -> 16
	17
		10 -> 17
	18
		11 -> 18
		13 -> 18
		14 -> 18
	19
		9 -> 19
	20
		12 -> 20
		13 -> 20
		14 -> 20
	21
		16 -> 21
		18 -> 21
	22
		9 -> 22
		18 -> 22
	23
		16 -> 23
		18 -> 23
		19 -> 23
		20 -> 23
	24
		14 -> 24
		19 -> 24
	25
		14 -> 25
		19 -> 25
}