digraph {
	0
	1
	2
	3
	4
	5
	6
	7
	8
	9
		0 -> 9
	10
		0 -> 10
	11
		0 -> 11
	12
		0 -> 12
	13
		1 -> 13
	14
		2 -> 14
	15
		3 -> 15
	16
		3 -> 16
	17
		3 -> 17
	18
		3 -> 18
	19
		4 -> 19
	20
		4 -> 20
	21
		4 -> 21
	22
		4 -> 22
	23
		5 -> 23
	24
		5 -> 24
	25
		5 -> 25
	26
		5 -> 26
	27
		6 -> 27
		7 -> 27
		8 -> 27
		9 -> 27
	28
		10 -> 28
	29
		11 -> 29
		12 -> 29
		13 -> 29
		14 -> 29
	30
		15 -> 30
		16 -> 30
		17 -> 30
		18 -> 30
	31
		19 -> 31
		20 -> 31
		21 -> 31
		22 -> 31
	32
		23 -> 32
	33
		24 -> 33
		25 -> 33
		26 -> 33
		27 -> 33
	34
		28 -> 34
		29 -> 34
		30 -> 34
		31 -> 34
	35
		32 -> 35
	36
		32 -> 36
	37
		32 -> 37
	38
		32 -> 38
	39
		33 -> 39
	40
		33 -> 40
	41
		33 -> 41
	42
		33 -> 42
	43
		34 -> 43
	44
		35 -> 44
		36 -> 44
		37 -> 44
		38 -> 44
	45
		39 -> 45
		40 -> 45
		41 -> 45
		42 -> 45
	46
		43 -> 46
	47
		43 -> 47
	48
		43 -> 48
	49
		43 -> 49
	50
		44 -> 50
		45 -> 50
		46 -> 50
		47 -> 50
	51
		48 -> 51
	52
		49 -> 52
	53
		50 -> 53
		51 -> 53
		52 -> 53
	54
		53 -> 54
	55
		53 -> 55
	56
		53 -> 56
	57
		53 -> 57
	58
		54 -> 58
	59
		55 -> 59
	60
		55 -> 60
	61
		55 -> 61
	62
		55 -> 62
	63
		56 -> 63
		57 -> 63
		58 -> 63
		59 -> 63
	64
		60 -> 64
		61 -> 64
		62 -> 64
		63 -> 64
	65
		64 -> 65
	66
		65 -> 66
	67
		66 -> 67
	68
		66 -> 68
	69
		66 -> 69
	70
		66 -> 70
	71
		67 -> 71
	72
		67 -> 72
	73
		67 -> 73
	74
		67 -> 74
	75
		68 -> 75
	76
		68 -> 76
	77
		68 -> 77
	78
		68 -> 78
	79
		69 -> 79
	80
		69 -> 80
	81
		69 -> 81
	82
		69 -> 82
	83
		70 -> 83
	84
		70 -> 84
	85
		70 -> 85
	86
		70 -> 86
	87
		71 -> 87
	88
		72 -> 88
		73 -> 88
		74 -> 88
		75 -> 88
	89
		76 -> 89
	90
		77 -> 90
		78 -> 90
		79 -> 90
		80 -> 90
	91
		81 -> 91
	92
		82 -> 92
	93
		83 -> 93
	94
		84 -> 94
	95
		85 -> 95
	96
		86 -> 96
		87 -> 96
		88 -> 96
		89 -> 96
	97
		90 -> 97
	98
		90 -> 98
	99
		90 -> 99
}