digraph {
	0
	1
		0 -> 1
	2
		0 -> 2
	3
		1 -> 3
		2 -> 3
	4
		3 -> 4
	5
		3 -> 5
	6
		4 -> 6
		5 -> 6
	7
		6 -> 7
	8
		6 -> 8
	9
		7 -> 9
		8 -> 9
	10
		9 -> 10
	11
		9 -> 11
	12
		10 -> 12
		11 -> 12
	13
		12 -> 13
	14
		12 -> 14
	15
		13 -> 15
	16
		13 -> 16
	17
		14 -> 17
		15 -> 17
	18
		16 -> 18
		17 -> 18
	19
		18 -> 19
	20
		18 -> 20
	21
		19 -> 21
		20 -> 21
	22
		21 -> 22
	23
		21 -> 23
	24
		22 -> 24
	25
		22 -> 25
	26
		23 -> 26
		24 -> 26
	27
		25 -> 27
		26 -> 27
	28
		27 -> 28
	29
		27 -> 29
	30
		28 -> 30
	31
		28 -> 31
	32
		29 -> 32
		30 -> 32
	33
		31 -> 33
		32 -> 33
	34
		33 -> 34
	35
		33 -> 35
	36
		34 -> 36
	37
		34 -> 37
	38
		35 -> 38
	39
		35 -> 39
	40
		36 -> 40
		37 -> 40
	41
		38 -> 41
	42
		38 -> 42
	43
		39 -> 43
		40 -> 43
	44
		41 -> 44
	45
		41 -> 45
	46
		42 -> 46
		43 -> 46
	47
		44 -> 47
		45 -> 47
	48
		46 -> 48
	49
		46 -> 49
	50
		47 -> 50
	51
		47 -> 51
	52
		48 -> 52
	53
		48 -> 53
	54
		49 -> 54
		50 -> 54
	55
		51 -> 55
		52 -> 55
	56
		53 -> 56
		54 -> 56
	57
		55 -> 57
		56 -> 57
	58
		57 -> 58
	59
		57 -> 59
	60
		58 -> 60
	61
		58 -> 61
	62
		59 -> 62
		60 -> 62
	63
		61 -> 63
	64
		61 -> 64
	65
		62 -> 65
		63 -> 65
	66
		64 -> 66
		65 -> 66
	67
		66 -> 67
	68
		66 -> 68
	69
		67 -> 69
		68 -> 69
	70
		69 -> 70
	71
		69 -> 71
	72
		70 -> 72
	73
		70 -> 73
	74
		71 -> 74
		72 -> 74
	75
		73 -> 75
	76
		73 -> 76
	77
		74 -> 77
	78
		74 -> 78
	79
		75 -> 79
	80
		75 -> 80
	81
		76 -> 81
		77 -> 81
	82
		78 -> 82
		79 -> 82
	83
		80 -> 83
		81 -> 83
	84
		82 -> 84
		83 -> 84
	85
		84 -> 85
	86
		84 -> 86
	87
		85 -> 87
	88
		85 -> 88
	89
		86 -> 89
	90
		86 -> 90
	91
		87 -> 91
		88 -> 91
	92
		89 -> 92
		90 -> 92
	93
		91 -> 93
		92 -> 93
	94
		93 -> 94
	95
		93 -> 95
	96
		94 -> 96
		95 -> 96
	97
		96 -> 97
	98
		96 -> 98
	99
		97 -> 99
		98 -> 99
}