digraph {
	0
	1
		0 -> 1
	2
		0 -> 2
	3
		1 -> 3
		2 -> 3
	4
		3 -> 4
	5
		3 -> 5
	6
		4 -> 6
	7
		4 -> 7
	8
		5 -> 8
	9
		5 -> 9
	10
		6 -> 10
	11
		6 -> 11
	12
		7 -> 12
	13
		7 -> 13
	14
		8 -> 14
		9 -> 14
	15
		10 -> 15
	16
		10 -> 16
	17
		11 -> 17
	18
		11 -> 18
	19
		12 -> 19
		13 -> 19
	20
		14 -> 20
		15 -> 20
	21
		16 -> 21
		17 -> 21
	22
		18 -> 22
		19 -> 22
	23
		20 -> 23
		21 -> 23
	24
		22 -> 24
	25
		22 -> 25
	26
		23 -> 26
		24 -> 26
	27
		25 -> 27
		26 -> 27
	28
		27 -> 28
	29
		27 -> 29
	30
		28 -> 30
		29 -> 30
	31
		30 -> 31
	32
		30 -> 32
	33
		31 -> 33
	34
		31 -> 34
	35
		32 -> 35
	36
		32 -> 36
	37
		33 -> 37
	38
		33 -> 38
	39
		34 -> 39
	40
		34 -> 40
	41
		35 -> 41
		36 -> 41
	42
		37 -> 42
		38 -> 42
	43
		39 -> 43
	44
		39 -> 44
	45
		40 -> 45
	46
		40 -> 46
	47
		41 -> 47
		42 -> 47
	48
		43 -> 48
	49
		43 -> 49
	50
		44 -> 50
		45 -> 50
	51
		46 -> 51
		47 -> 51
	52
		48 -> 52
	53
		48 -> 53
	54
		49 -> 54
	55
		49 -> 55
	56
		50 -> 56
	57
		50 -> 57
	58
		51 -> 58
		52 -> 58
	59
		53 -> 59
	60
		53 -> 60
	61
		54 -> 61
	62
		54 -> 62
	63
		55 -> 63
	64
		55 -> 64
	65
		56 -> 65
		57 -> 65
	66
		58 -> 66
	67
		58 -> 67
	68
		59 -> 68
	69
		59 -> 69
	70
		60 -> 70
		61 -> 70
	71
		62 -> 71
	72
		62 -> 72
	73
		63 -> 73
		64 -> 73
	74
		65 -> 74
		66 -> 74
	75
		67 -> 75
		68 -> 75
	76
		69 -> 76
	77
		69 -> 77
	78
		70 -> 78
	79
		70 -> 79
	80
		71 -> 80
		72 -> 80
	81
		73 -> 81
	82
		73 -> 82
	83
		74 -> 83
		75 -> 83
	84
		76 -> 84
		77 -> 84
	85
		78 -> 85
	86
		78 -> 86
	87
		79 -> 87
		80 -> 87
	88
		81 -> 88
	89
		81 -> 89
	90
		82 -> 90
	91
		82 -> 91
	92
		83 -> 92
		84 -> 92
	93
		85 -> 93
		86 -> 93
	94
		87 -> 94
	95
		87 -> 95
	96
		88 -> 96
	97
		88 -> 97
	98
		89 -> 98
		90 -> 98
	99
		91 -> 99
		92 -> 99
}