digraph {
	0
	1
	2
	3
	4
	5
		0 -> 5
	6
		1 -> 6
	7
		1 -> 7
	8
		1 -> 8
	9
		1 -> 9
	10
		2 -> 10
	11
		3 -> 11
		4 -> 11
		5 -> 11
		6 -> 11
	12
		7 -> 12
		8 -> 12
		9 -> 12
		10 -> 12
	13
		11 -> 13
	14
		11 -> 14
	15
		11 -> 15
	16
		11 -> 16
	17
		12 -> 17
	18
		12 -> 18
	19
		12 -> 19
	20
		12 -> 20
	21
		13 -> 21
		14 -> 21
		15 -> 21
		16 -> 21
	22
		17 -> 22
	23
		17 -> 23
	24
		17 -> 24
	25
		17 -> 25
	26
		18 -> 26
	27
		19 -> 27
	28
		20 -> 28
		21 -> 28
		22 -> 28
		23 -> 28
	29
		24 -> 29
	30
		24 -> 30
	31
		24 -> 31
	32
		24 -> 32
	33
		25 -> 33
	34
		25 -> 34
	35
		25 -> 35
	36
		25 -> 36
	37
		26 -> 37
	38
		27 -> 38
	39
		27 -> 39
	40
		27 -> 40
	41
		27 -> 41
	42
		28 -> 42
	43
		29 -> 43
		30 -> 43
		31 -> 43
		32 -> 43
	44
		33 -> 44
	45
		33 -> 45
	46
		33 -> 46
	47
		33 -> 47
	48
		34 -> 48
	49
		35 -> 49
	50
		35 -> 50
	51
		35 -> 51
	52
		35 -> 52
	53
		36 -> 53
	54
		37 -> 54
		38 -> 54
		39 -> 54
		40 -> 54
	55
		41 -> 55
		42 -> 55
		43 -> 55
		44 -> 55
	56
		45 -> 56
		46 -> 56
		47 -> 56
		48 -> 56
	57
		49 -> 57
	58
		50 -> 58
	59
		51 -> 59
		52 -> 59
		53 -> 59
		54 -> 59
	60
		55 -> 60
	61
		56 -> 61
	62
		56 -> 62
	63
		56 -> 63
	64
		56 -> 64
	65
		57 -> 65
		58 -> 65
		59 -> 65
		60 -> 65
	66
		61 -> 66
	67
		62 -> 67
	68
		63 -> 68
		64 -> 68
		65 -> 68
		66 -> 68
	69
		67 -> 69
		68 -> 69
	70
		69 -> 70
	71
		69 -> 71
	72
		69 -> 72
	73
		69 -> 73
	74
		70 -> 74
	75
		70 -> 75
	76
		70 -> 76
	77
		70 -> 77
	78
		71 -> 78
	79
		72 -> 79
		73 -> 79
		74 -> 79
		75 -> 79
	80
		76 -> 80
		77 -> 80
		78 -> 80
		79 -> 80
	81
		80 -> 81
	82
		80 -> 82
	83
		80 -> 83
	84
		80 -> 84
	85
		81 -> 85
	86
		82 -> 86
	87
		82 -> 87
	88
		82 -> 88
	89
		82 -> 89
	90
		83 -> 90
	91
		84 -> 91
	92
		85 -> 92
	93
		86 -> 93
	94
		87 -> 94
		88 -> 94
		89 -> 94
		90 -> 94
	95
		91 -> 95
	96
		92 -> 96
	97
		93 -> 97
	98
		94 -> 98
		95 -> 98
		96 -> 98
		97 -> 98
	99
		98 -> 99
}