digraph {
	0
	1
	2
	3
	4
	5
		0 -> 5
		1 -> 5
		2 -> 5
		3 -> 5
		4 -> 5
	6
		5 -> 6
	7
		6 -> 7
	8
		7 -> 8
	9
		7 -> 9
	10
		7 -> 10
	11
		7 -> 11
	12
		7 -> 12
	13
		8 -> 13
		9 -> 13
		10 -> 13
		11 -> 13
		12 -> 13
	14
		13 -> 14
	15
		14 -> 15
	16
		15 -> 16
	17
		16 -> 17
	18
		16 -> 18
	19
		16 -> 19
	20
		16 -> 20
	21
		16 -> 21
	22
		17 -> 22
	23
		17 -> 23
	24
		17 -> 24
	25
		17 -> 25
	26
		17 -> 26
	27
		18 -> 27
	28
		19 -> 28
		20 -> 28
		21 -> 28
		22 -> 28
		23 -> 28
	29
		24 -> 29
	30
		25 -> 30
	31
		25 -> 31
	32
		25 -> 32
	33
		25 -> 33
	34
		25 -> 34
	35
		26 -> 35
	36
		27 -> 36
		28 -> 36
		29 -> 36
		30 -> 36
		31 -> 36
	37
		32 -> 37
	38
		33 -> 38
		34 -> 38
		35 -> 38
		36 -> 38
		37 -> 38
	39
		38 -> 39
	40
		38 -> 40
	41
		38 -> 41
	42
		38 -> 42
	43
		38 -> 43
	44
		39 -> 44
		40 -> 44
		41 -> 44
		42 -> 44
		43 -> 44
	45
		44 -> 45
	46
		44 -> 46
	47
		44 -> 47
	48
		44 -> 48
	49
		44 -> 49
	50
		45 -> 50
	51
		45 -> 51
	52
		45 -> 52
	53
		45 -> 53
	54
		45 -> 54
	55
		46 -> 55
	56
		47 -> 56
	57
		47 -> 57
	58
		47 -> 58
	59
		47 -> 59
	60
		47 -> 60
	61
		48 -> 61
	62
		49 -> 62
	63
		50 -> 63
	64
		50 -> 64
	65
		50 -> 65
	66
		50 -> 66
	67
		50 -> 67
	68
		51 -> 68
		52 -> 68
		53 -> 68
		54 -> 68
		55 -> 68
	69
		56 -> 69
		57 -> 69
		58 -> 69
		59 -> 69
		60 -> 69
	70
		61 -> 70
		62 -> 70
		63 -> 70
		64 -> 70
		65 -> 70
	71
		66 -> 71
	72
		66 -> 72
	73
		66 -> 73
	74
		66 -> 74
	75
		66 -> 75
	76
		67 -> 76
	77
		67 -> 77
	78
		67 -> 78
	79
		67 -> 79
	80
		67 -> 80
	81
		68 -> 81
	82
		69 -> 82
	83
		70 -> 83
	84
		70 -> 84
	85
		70 -> 85
	86
		70 -> 86
	87
		70 -> 87
	88
		71 -> 88
		72 -> 88
		73 -> 88
		74 -> 88
		75 -> 88
	89
		76 -> 89
	90
		77 -> 90
		78 -> 90
		79 -> 90
		80 -> 90
		81 -> 90
	91
		82 -> 91
		83 -> 91
		84 -> 91
		85 -> 91
		86 -> 91
	92
		87 -> 92
	93
		87 -> 93
	94
		87 -> 94
	95
		87 -> 95
	96
		87 -> 96
	97
		88 -> 97
		89 -> 97
		90 -> 97
		91 -> 97
		92 -> 97
	98
		93 -> 98
	99
		94 -> 99
		95 -> 99
		96 -> 99
		97 -> 99
		98 -> 99
}