digraph {
	0
	1
	2
	3
	4
	5
	6
	7
	8
	9
		0 -> 9
		1 -> 9
		2 -> 9
	10
		3 -> 10
	11
		4 -> 11
	12
		4 -> 12
	13
		4 -> 13
	14
		5 -> 14
	15
		6 -> 15
	16
		6 -> 16
	17
		6 -> 17
	18
		7 -> 18
	19
		8 -> 19
	20
		9 -> 20
	21
		9 -> 21
	22
		9 -> 22
	23
		10 -> 23
	24
		11 -> 24
		12 -> 24
		13 -> 24
	25
		14 -> 25
	26
		15 -> 26
	27
		16 -> 27
	28
		16 -> 28
	29
		16 -> 29
	30
		17 -> 30
	31
		17 -> 31
	32
		17 -> 32
	33
		18 -> 33
	34
		19 -> 34
	35
		19 -> 35
	36
		19 -> 36
	37
		20 -> 37
		21 -> 37
		22 -> 37
	38
		23 -> 38
	39
		24 -> 39
		25 -> 39
		26 -> 39
	40
		27 -> 40
		28 -> 40
		29 -> 40
	41
		30 -> 41
	42
		30 -> 42
	43
		30 -> 43
	44
		31 -> 44
		32 -> 44
		33 -> 44
	45
		34 -> 45
	46
		35 -> 46
	47
		35 -> 47
	48
		35 -> 48
	49
		36 -> 49
		37 -> 49
		38 -> 49
	50
		39 -> 50
	51
		40 -> 51
	52
		40 -> 52
	53
		40 -> 53
	54
		41 -> 54
	55
		41 -> 55
	56
		41 -> 56
	57
		42 -> 57
	58
		43 -> 58
	59
		44 -> 59
		45 -> 59
		46 -> 59
	60
		47 -> 60
		48 -> 60
		49 -> 60
	61
		50 -> 61
		51 -> 61
		52 -> 61
	62
		53 -> 62
	63
		53 -> 63
	64
		53 -> 64
	65
		54 -> 65
	66
		54 -> 66
	67
		54 -> 67
	68
		55 -> 68
	69
		55 -> 69
	70
		55 -> 70
	71
		56 -> 71
	72
		57 -> 72
	73
		58 -> 73
	74
		58 -> 74
	75
		58 -> 75
	76
		59 -> 76
		60 -> 76
		61 -> 76
	77
		62 -> 77
		63 -> 77
		64 -> 77
	78
		65 -> 78
	79
		66 -> 79
		67 -> 79
		68 -> 79
	80
		69 -> 80
		70 -> 80
		71 -> 80
	81
		72 -> 81
		73 -> 81
		74 -> 81
	82
		75 -> 82
		76 -> 82
		77 -> 82
	83
		78 -> 83
	84
		79 -> 84
	85
		79 -> 85
	86
		79 -> 86
	87
		80 -> 87
		81 -> 87
		82 -> 87
	88
		83 -> 88
	89
		84 -> 89
	90
		85 -> 90
	91
		86 -> 91
	92
		87 -> 92
	93
		88 -> 93
		89 -> 93
		90 -> 93
	94
		91 -> 94
	95
		91 -> 95
	96
		91 -> 96
	97
		92 -> 97
		93 -> 97
		94 -> 97
	98
		95 -> 98
	99
		95 -> 99
}