digraph {
	0
	1
	2
	3
	4
	5
	6
		0 -> 6
		1 -> 6
	7
		2 -> 7
		3 -> 7
	8
		4 -> 8
		5 -> 8
	9
		6 -> 9
	10
		7 -> 10
	11
		8 -> 11
	12
		8 -> 12
	13
		9 -> 13
		10 -> 13
	14
		11 -> 14
		12 -> 14
	15
		13 -> 15
		14 -> 15
	16
		15 -> 16
	17
		16 -> 17
	18
		16 -> 18
	19
		17 -> 19
	20
		17 -> 20
	21
		18 -> 21
	22
		19 -> 22
	23
		19 -> 23
	24
		20 -> 24
	25
		21 -> 25
		22 -> 25
	26
		23 -> 26
	27
		23 -> 27
	28
		24 -> 28
		25 -> 28
	29
		26 -> 29
	30
		26 -> 30
	31
		27 -> 31
	32
		28 -> 32
		29 -> 32
	33
		30 -> 33
		31 -> 33
	34
		32 -> 34
	35
		32 -> 35
	36
		33 -> 36
	37
		34 -> 37
		35 -> 37
	38
		36 -> 38
	39
		37 -> 39
	40
		37 -> 40
	41
		38 -> 41
	42
		38 -> 42
	43
		39 -> 43
	44
		39 -> 44
	45
		40 -> 45
	46
		41 -> 46
	47
		42 -> 47
	48
		43 -> 48
		44 -> 48
	49
		45 -> 49
	50
		45 -> 50
	51
		46 -> 51
	52
		46 -> 52
	53
		47 -> 53
	54
		47 -> 54
	55
		48 -> 55
		49 -> 55
	56
		50 -> 56
	57
		50 -> 57
	58
		51 -> 58
		52 -> 58
	59
		53 -> 59
		54 -> 59
	60
		55 -> 60
	61
		55 -> 61
	62
		56 -> 62
	63
		56 -> 63
	64
		57 -> 64
		58 -> 64
	65
		59 -> 65
		60 -> 65
	66
		61 -> 66
		62 -> 66
	67
		63 -> 67
	68
		63 -> 68
	69
		64 -> 69
	70
		64 -> 70
	71
		65 -> 71
	72
		65 -> 72
	73
		66 -> 73
		67 -> 73
	74
		68 -> 74
		69 -> 74
	75
		70 -> 75
		71 -> 75
	76
		72 -> 76
		73 -> 76
	77
		74 -> 77
	78
		75 -> 78
	79
		76 -> 79
		77 -> 79
	80
		78 -> 80
		79 -> 80
	81
		80 -> 81
	82
		81 -> 82
	83
		82 -> 83
	84
		82 -> 84
	85
		83 -> 85
		84 -> 85
	86
		85 -> 86
	87
		86 -> 87
	88
		87 -> 88
	89
		88 -> 89
	90
		88 -> 90
	91
		89 -> 91
		90 -> 91
	92
		91 -> 92
	93
		91 -> 93
	94
		92 -> 94
	95
		92 -> 95
	96
		93 -> 96
	97
		93 -> 97
	98
		94 -> 98
		95 -> 98
	99
		96 -> 99
		97 -> 99
}