digraph {
	0
		1 -> 0
		2 -> 0
		3 -> 0
		4 -> 0
	1
		5 -> 1
		6 -> 1
		7 -> 1
		8 -> 1
	2
		9 -> 2
		10 -> 2
		11 -> 2
		12 -> 2
	3
		13 -> 3
		14 -> 3
		15 -> 3
		16 -> 3
	4
		17 -> 4
		18 -> 4
		19 -> 4
		20 -> 4
	5
		21 -> 5
		22 -> 5
		23 -> 5
		24 -> 5
	6
		25 -> 6
		26 -> 6
		27 -> 6
		28 -> 6
	7
		29 -> 7
		30 -> 7
		31 -> 7
		32 -> 7
	8
		33 -> 8
		34 -> 8
		35 -> 8
		36 -> 8
	9
		37 -> 9
		38 -> 9
		39 -> 9
		40 -> 9
	10
		41 -> 10
		42 -> 10
		43 -> 10
		44 -> 10
	11
		45 -> 11
		46 -> 11
		47 -> 11
		48 -> 11
	12
		49 -> 12
		50 -> 12
		51 -> 12
		52 -> 12
	13
		53 -> 13
		54 -> 13
		55 -> 13
		56 -> 13
	14
		57 -> 14
		58 -> 14
		59 -> 14
		60 -> 14
	15
		61 -> 15
		62 -> 15
		63 -> 15
		64 -> 15
	16
		65 -> 16
		66 -> 16
		67 -> 16
		68 -> 16
	17
		69 -> 17
		70 -> 17
		71 -> 17
		72 -> 17
	18
		73 -> 18
		74 -> 18
		75 -> 18
		76 -> 18
	19
		77 -> 19
		78 -> 19
		79 -> 19
		80 -> 19
	20
		81 -> 20
		82 -> 20
		83 -> 20
		84 -> 20
	21
		85 -> 21
		86 -> 21
		87 -> 21
		88 -> 21
	22
		89 -> 22
		90 -> 22
		91 -> 22
		92 -> 22
	23
		93 -> 23
		94 -> 23
		95 -> 23
		96 -> 23
	24
		97 -> 24
		98 -> 24
		99 -> 24
	25
	26
	27
	28
	29
	30
	31
	32
	33
	34
	35
	36
	37
	38
	39
	40
	41
	42
	43
	44
	45
	46
	47
	48
	49
	50
	51
	52
	53
	54
	55
	56
	57
	58
	59
	60
	61
	62
	63
	64
	65
	66
	67
	68
	69
	70
	71
	72
	73
	74
	75
	76
	77
	78
	79
	80
	81
	82
	83
	84
	85
	86
	87
	88
	89
	90
	91
	92
	93
	94
	95
	96
	97
	98
	99
}