digraph {
	0
		1 -> 0
		2 -> 0
	1
		3 -> 1
		4 -> 1
	2
		5 -> 2
		6 -> 2
	3
		7 -> 3
		8 -> 3
	4
		9 -> 4
		10 -> 4
	5
		11 -> 5
		12 -> 5
	6
		13 -> 6
		14 -> 6
	7
		15 -> 7
		16 -> 7
	8
		17 -> 8
		18 -> 8
	9
		19 -> 9
		20 -> 9
	10
		21 -> 10
		22 -> 10
	11
		23 -> 11
		24 -> 11
	12
		25 -> 12
		26 -> 12
	13
		27 -> 13
		28 -> 13
	14
		29 -> 14
		30 -> 14
	15
		31 -> 15
		32 -> 15
	16
		33 -> 16
		34 -> 16
	17
		35 -> 17
		36 -> 17
	18
		37 -> 18
		38 -> 18
	19
		39 -> 19
		40 -> 19
	20
		41 -> 20
		42 -> 20
	21
		43 -> 21
		44 -> 21
	22
		45 -> 22
		46 -> 22
	23
		47 -> 23
		48 -> 23
	24
		49 -> 24
		50 -> 24
	25
		51 -> 25
		52 -> 25
	26
		53 -> 26
		54 -> 26
	27
		55 -> 27
		56 -> 27
	28
		57 -> 28
		58 -> 28
	29
		59 -> 29
		60 -> 29
	30
		61 -> 30
		62 -> 30
	31
		63 -> 31
		64 -> 31
	32
		65 -> 32
		66 -> 32
	33
		67 -> 33
		68 -> 33
	34
		69 -> 34
		70 -> 34
	35
		71 -> 35
		72 -> 35
	36
		73 -> 36
		74 -> 36
	37
		75 -> 37
		76 -> 37
	38
		77 -> 38
		78 -> 38
	39
		79 -> 39
		80 -> 39
	40
		81 -> 40
		82 -> 40
	41
		83 -> 41
		84 -> 41
	42
		85 -> 42
		86 -> 42
	43
		87 -> 43
		88 -> 43
	44
		89 -> 44
		90 -> 44
	45
		91 -> 45
		92 -> 45
	46
		93 -> 46
		94 -> 46
	47
		95 -> 47
		96 -> 47
	48
		97 -> 48
		98 -> 48
	49
		99 -> 49
	50
	51
	52
	53
	54
	55
	56
	57
	58
	59
	60
	61
	62
	63
	64
	65
	66
	67
	68
	69
	70
	71
	72
	73
	74
	75
	76
	77
	78
	79
	80
	81
	82
	83
	84
	85
	86
	87
	88
	89
	90
	91
	92
	93
	94
	95
	96
	97
	98
	99
}