digraph {
	0
		1 -> 0
		2 -> 0
		3 -> 0
		4 -> 0
		5 -> 0
	1
		6 -> 1
		7 -> 1
		8 -> 1
		9 -> 1
		10 -> 1
	2
		11 -> 2
		12 -> 2
		13 -> 2
		14 -> 2
		15 -> 2
	3
		16 -> 3
		17 -> 3
		18 -> 3
		19 -> 3
		20 -> 3
	4
		21 -> 4
		22 -> 4
		23 -> 4
		24 -> 4
		25 -> 4
	5
		26 -> 5
		27 -> 5
		28 -> 5
		29 -> 5
		30 -> 5
	6
		31 -> 6
		32 -> 6
		33 -> 6
		34 -> 6
		35 -> 6
	7
		36 -> 7
		37 -> 7
		38 -> 7
		39 -> 7
		40 -> 7
	8
		41 -> 8
		42 -> 8
		43 -> 8
		44 -> 8
		45 -> 8
	9
		46 -> 9
		47 -> 9
		48 -> 9
		49 -> 9
		50 -> 9
	10
		51 -> 10
		52 -> 10
		53 -> 10
		54 -> 10
		55 -> 10
	11
		56 -> 11
		57 -> 11
		58 -> 11
		59 -> 11
		60 -> 11
	12
		61 -> 12
		62 -> 12
		63 -> 12
		64 -> 12
		65 -> 12
	13
		66 -> 13
		67 -> 13
		68 -> 13
		69 -> 13
		70 -> 13
	14
		71 -> 14
		72 -> 14
		73 -> 14
		74 -> 14
		75 -> 14
	15
		76 -> 15
		77 -> 15
		78 -> 15
		79 -> 15
		80 -> 15
	16
		81 -> 16
		82 -> 16
		83 -> 16
		84 -> 16
		85 -> 16
	17
		86 -> 17
		87 -> 17
		88 -> 17
		89 -> 17
		90 -> 17
	18
		91 -> 18
		92 -> 18
		93 -> 18
		94 -> 18
		95 -> 18
	19
		96 -> 19
		97 -> 19
		98 -> 19
		99 -> 19
	20
	21
	22
	23
	24
	25
	26
	27
	28
	29
	30
	31
	32
	33
	34
	35
	36
	37
	38
	39
	40
	41
	42
	43
	44
	45
	46
	47
	48
	49
	50
	51
	52
	53
	54
	55
	56
	57
	58
	59
	60
	61
	62
	63
	64
	65
	66
	67
	68
	69
	70
	71
	72
	73
	74
	75
	76
	77
	78
	79
	80
	81
	82
	83
	84
	85
	86
	87
	88
	89
	90
	91
	92
	93
	94
	95
	96
	97
	98
	99
}