digraph {
	0
		1 -> 0
		2 -> 0
		3 -> 0
	1
		4 -> 1
		5 -> 1
		6 -> 1
	2
		7 -> 2
		8 -> 2
		9 -> 2
	3
		10 -> 3
		11 -> 3
		12 -> 3
	4
		13 -> 4
		14 -> 4
		15 -> 4
	5
		16 -> 5
		17 -> 5
		18 -> 5
	6
		19 -> 6
		20 -> 6
		21 -> 6
	7
		22 -> 7
		23 -> 7
		24 -> 7
	8
		25 -> 8
		26 -> 8
		27 -> 8
	9
		28 -> 9
		29 -> 9
		30 -> 9
	10
		31 -> 10
		32 -> 10
		33 -> 10
	11
		34 -> 11
		35 -> 11
		36 -> 11
	12
		37 -> 12
		38 -> 12
		39 -> 12
	13
		40 -> 13
		41 -> 13
		42 -> 13
	14
		43 -> 14
		44 -> 14
		45 -> 14
	15
		46 -> 15
		47 -> 15
		48 -> 15
	16
		49 -> 16
		50 -> 16
		51 -> 16
	17
		52 -> 17
		53 -> 17
		54 -> 17
	18
		55 -> 18
		56 -> 18
		57 -> 18
	19
		58 -> 19
		59 -> 19
		60 -> 19
	20
		61 -> 20
		62 -> 20
		63 -> 20
	21
		64 -> 21
		65 -> 21
		66 -> 21
	22
		67 -> 22
		68 -> 22
		69 -> 22
	23
		70 -> 23
		71 -> 23
		72 -> 23
	24
		73 -> 24
		74 -> 24
		75 -> 24
	25
		76 -> 25
		77 -> 25
		78 -> 25
	26
		79 -> 26
		80 -> 26
		81 -> 26
	27
		82 -> 27
		83 -> 27
		84 -> 27
	28
		85 -> 28
		86 -> 28
		87 -> 28
	29
		88 -> 29
		89 -> 29
		90 -> 29
	30
		91 -> 30
		92 -> 30
		93 -> 30
	31
		94 -> 31
		95 -> 31
		96 -> 31
	32
		97 -> 32
		98 -> 32
		99 -> 32
	33
	34
	35
	36
	37
	38
	39
	40
	41
	42
	43
	44
	45
	46
	47
	48
	49
	50
	51
	52
	53
	54
	55
	56
	57
	58
	59
	60
	61
	62
	63
	64
	65
	66
	67
	68
	69
	70
	71
	72
	73
	74
	75
	76
	77
	78
	79
	80
	81
	82
	83
	84
	85
	86
	87
	88
	89
	90
	91
	92
	93
	94
	95
	96
	97
	98
	99
}