digraph {
	0
	1
		0 -> 1
	2
		0 -> 2
	3
		0 -> 3
	4
		0 -> 4
	5
		0 -> 5
	6
		1 -> 6
	7
		1 -> 7
	8
		1 -> 8
	9
		1 -> 9
	10
		1 -> 10
	11
		2 -> 11
	12
		2 -> 12
	13
		2 -> 13
	14
		2 -> 14
	15
		2 -> 15
	16
		3 -> 16
	17
		3 -> 17
	18
		3 -> 18
	19
		3 -> 19
	20
		3 -> 20
	21
		4 -> 21
	22
		4 -> 22
	23
		4 -> 23
	24
		4 -> 24
	25
		4 -> 25
	26
		5 -> 26
	27
		5 -> 27
	28
		5 -> 28
	29
		5 -> 29
	30
		5 -> 30
	31
		6 -> 31
	32
		6 -> 32
	33
		6 -> 33
	34
		6 -> 34
	35
		6 -> 35
	36
		7 -> 36
	37
		7 -> 37
	38
		7 -> 38
	39
		7 -> 39
	40
		7 -> 40
	41
		8 -> 41
	42
		8 -> 42
	43
		8 -> 43
	44
		8 -> 44
	45
		8 -> 45
	46
		9 -> 46
	47
		9 -> 47
	48
		9 -> 48
	49
		9 -> 49
	50
		9 -> 50
	51
		10 -> 51
	52
		10 -> 52
	53
		10 -> 53
	54
		10 -> 54
	55
		10 -> 55
	56
		11 -> 56
	57
		11 -> 57
	58
		11 -> 58
	59
		11 -> 59
	60
		11 -> 60
	61
		12 -> 61
	62
		12 -> 62
	63
		12 -> 63
	64
		12 -> 64
	65
		12 -> 65
	66
		13 -> 66
	67
		13 -> 67
	68
		13 -> 68
	69
		13 -> 69
	70
		13 -> 70
	71
		14 -> 71
	72
		14 -> 72
	73
		14 -> 73
	74
		14 -> 74
	75
		14 -> 75
	76
		15 -> 76
	77
		15 -> 77
	78
		15 -> 78
	79
		15 -> 79
	80
		15 -> 80
	81
		16 -> 81
	82
		16 -> 82
	83
		16 -> 83
	84
		16 -> 84
	85
		16 -> 85
	86
		17 -> 86
	87
		17 -> 87
	88
		17 -> 88
	89
		17 -> 89
	90
		17 -> 90
	91
		18 -> 91
	92
		18 -> 92
	93
		18 -> 93
	94
		18 -> 94
	95
		18 -> 95
	96
		19 -> 96
	97
		19 -> 97
	98
		19 -> 98
	99
		19 -> 99
}