digraph {
	0
	1
		0 -> 1
	2
		0 -> 2
	3
		0 -> 3
	4
		0 -> 4
	5
		1 -> 5
	6
		1 -> 6
	7
		1 -> 7
	8
		1 -> 8
	9
		2 -> 9
	10
		2 -> 10
	11
		2 -> 11
	12
		2 -> 12
	13
		3 -> 13
	14
		3 -> 14
	15
		3 -> 15
	16
		3 -> 16
	17
		4 -> 17
	18
		4 -> 18
	19
		4 -> 19
	20
		4 -> 20
	21
		5 -> 21
	22
		5 -> 22
	23
		5 -> 23
	24
		5 -> 24
	25
		6 -> 25
	26
		6 -> 26
	27
		6 -> 27
	28
		6 -> 28
	29
		7 -> 29
	30
		7 -> 30
	31
		7 -> 31
	32
		7 -> 32
	33
		8 -> 33
	34
		8 -> 34
	35
		8 -> 35
	36
		8 -> 36
	37
		9 -> 37
	38
		9 -> 38
	39
		9 -> 39
	40
		9 -> 40
	41
		10 -> 41
	42
		10 -> 42
	43
		10 -> 43
	44
		10 -> 44
	45
		11 -> 45
	46
		11 -> 46
	47
		11 -> 47
	48
		11 -> 48
	49
		12 -> 49
	50
		12 -> 50
	51
		12 -> 51
	52
		12 -> 52
	53
		13 -> 53
	54
		13 -> 54
	55
		13 -> 55
	56
		13 -> 56
	57
		14 -> 57
	58
		14 -> 58
	59
		14 -> 59
	60
		14 -> 60
	61
		15 -> 61
	62
		15 -> 62
	63
		15 -> 63
	64
		15 -> 64
	65
		16 -> 65
	66
		16 -> 66
	67
		16 -> 67
	68
		16 -> 68
	69
		17 -> 69
	70
		17 -> 70
	71
		17 -> 71
	72
		17 -> 72
	73
		18 -> 73
	74
		18 -> 74
	75
		18 -> 75
	76
		18 -> 76
	77
		19 -> 77
	78
		19 -> 78
	79
		19 -> 79
	80
		19 -> 80
	81
		20 -> 81
	82
		20 -> 82
	83
		20 -> 83
	84
		20 -> 84
	85
		21 -> 85
	86
		21 -> 86
	87
		21 -> 87
	88
		21 -> 88
	89
		22 -> 89
	90
		22 -> 90
	91
		22 -> 91
	92
		22 -> 92
	93
		23 -> 93
	94
		23 -> 94
	95
		23 -> 95
	96
		23 -> 96
	97
		24 -> 97
	98
		24 -> 98
	99
		24 -> 99
}