digraph {
	0
	1
		0 -> 1
	2
		0 -> 2
	3
		0 -> 3
	4
		1 -> 4
	5
		1 -> 5
	6
		1 -> 6
	7
		2 -> 7
	8
		2 -> 8
	9
		2 -> 9
	10
		3 -> 10
	11
		3 -> 11
	12
		3 -> 12
	13
		4 -> 13
	14
		4 -> 14
	15
		4 -> 15
	16
		5 -> 16
	17
		5 -> 17
	18
		5 -> 18
	19
		6 -> 19
	20
		6 -> 20
	21
		6 -> 21
	22
		7 -> 22
	23
		7 -> 23
	24
		7 -> 24
	25
		8 -> 25
	26
		8 -> 26
	27
		8 -> 27
	28
		9 -> 28
	29
		9 -> 29
	30
		9 -> 30
	31
		10 -> 31
	32
		10 -> 32
	33
		10 -> 33
	34
		11 -> 34
	35
		11 -> 35
	36
		11 -> 36
	37
		12 -> 37
	38
		12 -> 38
	39
		12 -> 39
	40
		13 -> 40
	41
		13 -> 41
	42
		13 -> 42
	43
		14 -> 43
	44
		14 -> 44
	45
		14 -> 45
	46
		15 -> 46
	47
		15 -> 47
	48
		15 -> 48
	49
		16 -> 49
	50
		16 -> 50
	51
		16 -> 51
	52
		17 -> 52
	53
		17 -> 53
	54
		17 -> 54
	55
		18 -> 55
	56
		18 -> 56
	57
		18 -> 57
	58
		19 -> 58
	59
		19 -> 59
	60
		19 -> 60
	61
		20 -> 61
	62
		20 -> 62
	63
		20 -> 63
	64
		21 -> 64
	65
		21 -> 65
	66
		21 -> 66
	67
		22 -> 67
	68
		22 -> 68
	69
		22 -> 69
	70
		23 -> 70
	71
		23 -> 71
	72
		23 -> 72
	73
		24 -> 73
	74
		24 -> 74
	75
		24 -> 75
	76
		25 -> 76
	77
		25 -> 77
	78
		25 -> 78
	79
		26 -> 79
	80
		26 -> 80
	81
		26 -> 81
	82
		27 -> 82
	83
		27 -> 83
	84
		27 -> 84
	85
		28 -> 85
	86
		28 -> 86
	87
		28 -> 87
	88
		29 -> 88
	89
		29 -> 89
	90
		29 -> 90
	91
		30 -> 91
	92
		30 -> 92
	93
		30 -> 93
	94
		31 -> 94
	95
		31 -> 95
	96
		31 -> 96
	97
		32 -> 97
	98
		32 -> 98
	99
		32 -> 99
}