digraph {
	0
	1
		0 -> 1
	2
		0 -> 2
	3
		1 -> 3
		2 -> 3
	4
		3 -> 4
	5
		3 -> 5
	6
		4 -> 6
		5 -> 6
	7
		6 -> 7
	8
		6 -> 8
	9
		7 -> 9
	10
		7 -> 10
	11
		8 -> 11
	12
		8 -> 12
	13
		9 -> 13
		10 -> 13
	14
		11 -> 14
		12 -> 14
	15
		13 -> 15
		14 -> 15
	16
		15 -> 16
	17
		15 -> 17
	18
		16 -> 18
	19
		16 -> 19
	20
		17 -> 20
	21
		17 -> 21
	22
		18 -> 22
	23
		18 -> 23
	24
		19 -> 24
	25
		19 -> 25
	26
		20 -> 26
	27
		20 -> 27
	28
		21 -> 28
		22 -> 28
	29
		23 -> 29
	30
		23 -> 30
	31
		24 -> 31
		25 -> 31
	32
		26 -> 32
	33
		26 -> 33
	34
		27 -> 34
	35
		27 -> 35
	36
		28 -> 36
		29 -> 36
	37
		30 -> 37
	38
		30 -> 38
	39
		31 -> 39
		32 -> 39
	40
		33 -> 40
		34 -> 40
	41
		35 -> 41
	42
		35 -> 42
	43
		36 -> 43
	44
		36 -> 44
	45
		37 -> 45
		38 -> 45
	46
		39 -> 46
	47
		39 -> 47
	48
		40 -> 48
	49
		40 -> 49
	50
		41 -> 50
	51
		41 -> 51
	52
		42 -> 52
	53
		42 -> 53
	54
		43 -> 54
	55
		43 -> 55
	56
		44 -> 56
	57
		44 -> 57
	58
		45 -> 58
	59
		45 -> 59
	60
		46 -> 60
	61
		46 -> 61
	62
		47 -> 62
		48 -> 62
	63
		49 -> 63
		50 -> 63
	64
		51 -> 64
	65
		51 -> 65
	66
		52 -> 66
		53 -> 66
	67
		54 -> 67
	68
		54 -> 68
	69
		55 -> 69
		56 -> 69
	70
		57 -> 70
		58 -> 70
	71
		59 -> 71
	72
		59 -> 72
	73
		60 -> 73
		61 -> 73
	74
		62 -> 74
		63 -> 74
	75
		64 -> 75
	76
		64 -> 76
	77
		65 -> 77
	78
		65 -> 78
	79
		66 -> 79
		67 -> 79
	80
		68 -> 80
		69 -> 80
	81
		70 -> 81
	82
		70 -> 82
	83
		71 -> 83
	84
		71 -> 84
	85
		72 -> 85
	86
		72 -> 86
	87
		73 -> 87
		74 -> 87
	88
		75 -> 88
		76 -> 88
	89
		77 -> 89
	90
		77 -> 90
	91
		78 -> 91
	92
		78 -> 92
	93
		79 -> 93
		80 -> 93
	94
		81 -> 94
		82 -> 94
	95
		83 -> 95
		84 -> 95
	96
		85 -> 96
		86 -> 96
	97
		87 -> 97
		88 -> 97
	98
		89 -> 98
		90 -> 98
	99
		91 -> 99
		92 -> 99
}