digraph {
	0
	1
		0 -> 1
	2
		0 -> 2
	3
		0 -> 3
	4
		0 -> 4
	5
		1 -> 5
	6
		1 -> 6
	7
		1 -> 7
	8
		1 -> 8
	9
		2 -> 9
	10
		2 -> 10
	11
		2 -> 11
	12
		2 -> 12
	13
		3 -> 13
	14
		3 -> 14
	15
		3 -> 15
	16
		3 -> 16
	17
		4 -> 17
		5 -> 17
		6 -> 17
		7 -> 17
	18
		8 -> 18
	19
		8 -> 19
	20
		8 -> 20
	21
		8 -> 21
	22
		9 -> 22
	23
		9 -> 23
	24
		9 -> 24
	25
		9 -> 25
	26
		10 -> 26
		11 -> 26
		12 -> 26
		13 -> 26
	27
		14 -> 27
		15 -> 27
		16 -> 27
		17 -> 27
	28
		18 -> 28
		19 -> 28
		20 -> 28
		21 -> 28
	29
		22 -> 29
	30
		22 -> 30
	31
		22 -> 31
	32
		22 -> 32
	33
		23 -> 33
		24 -> 33
		25 -> 33
		26 -> 33
	34
		27 -> 34
	35
		27 -> 35
	36
		27 -> 36
	37
		27 -> 37
	38
		28 -> 38
		29 -> 38
		30 -> 38
		31 -> 38
	39
		32 -> 39
		33 -> 39
		34 -> 39
		35 -> 39
	40
		36 -> 40
		37 -> 40
		38 -> 40
		39 -> 40
	41
		40 -> 41
	42
		40 -> 42
	43
		40 -> 43
	44
		40 -> 44
	45
		41 -> 45
		42 -> 45
		43 -> 45
		44 -> 45
	46
		45 -> 46
	47
		45 -> 47
	48
		45 -> 48
	49
		45 -> 49
	50
		46 -> 50
	51
		46 -> 51
	52
		46 -> 52
	53
		46 -> 53
	54
		47 -> 54
	55
		47 -> 55
	56
		47 -> 56
	57
		47 -> 57
	58
		48 -> 58
		49 -> 58
		50 -> 58
		51 -> 58
	59
		52 -> 59
		53 -> 59
		54 -> 59
		55 -> 59
	60
		56 -> 60
		57 -> 60
		58 -> 60
		59 -> 60
	61
		60 -> 61
	62
		60 -> 62
	63
		60 -> 63
	64
		60 -> 64
	65
		61 -> 65
		62 -> 65
		63 -> 65
		64 -> 65
	66
		65 -> 66
	67
		65 -> 67
	68
		65 -> 68
	69
		65 -> 69
	70
		66 -> 70
	71
		66 -> 71
	72
		66 -> 72
	73
		66 -> 73
	74
		67 -> 74
	75
		67 -> 75
	76
		67 -> 76
	77
		67 -> 77
	78
		68 -> 78
	79
		68 -> 79
	80
		68 -> 80
	81
		68 -> 81
	82
		69 -> 82
		70 -> 82
		71 -> 82
		72 -> 82
	83
		73 -> 83
		74 -> 83
		75 -> 83
		76 -> 83
	84
		77 -> 84
	85
		77 -> 85
	86
		77 -> 86
	87
		77 -> 87
	88
		78 -> 88
	89
		78 -> 89
	90
		78 -> 90
	91
		78 -> 91
	92
		79 -> 92
		80 -> 92
		81 -> 92
		82 -> 92
	93
		83 -> 93
		84 -> 93
		85 -> 93
		86 -> 93
	94
		87 -> 94
		88 -> 94
		89 -> 94
		90 -> 94
	95
		91 -> 95
		92 -> 95
		93 -> 95
		94 -> 95
	96
		95 -> 96
	97
		95 -> 97
	98
		95 -> 98
	99
		95 -> 99
}