digraph {
	0
	1
		0 -> 1
	2
		0 -> 2
	3
		0 -> 3
	4
		1 -> 4
	5
		1 -> 5
	6
		1 -> 6
	7
		2 -> 7
	8
		2 -> 8
	9
		2 -> 9
	10
		3 -> 10
		4 -> 10
		5 -> 10
	11
		6 -> 11
	12
		6 -> 12
	13
		6 -> 13
	14
		7 -> 14
	15
		7 -> 15
	16
		7 -> 16
	17
		8 -> 17
		9 -> 17
		10 -> 17
	18
		11 -> 18
		12 -> 18
		13 -> 18
	19
		14 -> 19
		15 -> 19
		16 -> 19
	20
		17 -> 20
	21
		17 -> 21
	22
		17 -> 22
	23
		18 -> 23
		19 -> 23
		20 -> 23
	24
		21 -> 24
	25
		21 -> 25
	26
		21 -> 26
	27
		22 -> 27
		23 -> 27
		24 -> 27
	28
		25 -> 28
	29
		25 -> 29
	30
		25 -> 30
	31
		26 -> 31
		27 -> 31
		28 -> 31
	32
		29 -> 32
	33
		29 -> 33
	34
		29 -> 34
	35
		30 -> 35
		31 -> 35
		32 -> 35
	36
		33 -> 36
	37
		33 -> 37
	38
		33 -> 38
	39
		34 -> 39
	40
		34 -> 40
	41
		34 -> 41
	42
		35 -> 42
		36 -> 42
		37 -> 42
	43
		38 -> 43
		39 -> 43
		40 -> 43
	44
		41 -> 44
	45
		41 -> 45
	46
		41 -> 46
	47
		42 -> 47
	48
		42 -> 48
	49
		42 -> 49
	50
		43 -> 50
	51
		43 -> 51
	52
		43 -> 52
	53
		44 -> 53
		45 -> 53
		46 -> 53
	54
		47 -> 54
		48 -> 54
		49 -> 54
	55
		50 -> 55
		51 -> 55
		52 -> 55
	56
		53 -> 56
	57
		53 -> 57
	58
		53 -> 58
	59
		54 -> 59
		55 -> 59
		56 -> 59
	60
		57 -> 60
	61
		57 -> 61
	62
		57 -> 62
	63
		58 -> 63
		59 -> 63
		60 -> 63
	64
		61 -> 64
	65
		61 -> 65
	66
		61 -> 66
	67
		62 -> 67
		63 -> 67
		64 -> 67
	68
		65 -> 68
		66 -> 68
		67 -> 68
	69
		68 -> 69
	70
		68 -> 70
	71
		68 -> 71
	72
		69 -> 72
	73
		69 -> 73
	74
		69 -> 74
	75
		70 -> 75
		71 -> 75
		72 -> 75
	76
		73 -> 76
	77
		73 -> 77
	78
		73 -> 78
	79
		74 -> 79
	80
		74 -> 80
	81
		74 -> 81
	82
		75 -> 82
		76 -> 82
		77 -> 82
	83
		78 -> 83
	84
		78 -> 84
	85
		78 -> 85
	86
		79 -> 86
	87
		79 -> 87
	88
		79 -> 88
	89
		80 -> 89
	90
		80 -> 90
	91
		80 -> 91
	92
		81 -> 92
	93
		81 -> 93
	94
		81 -> 94
	95
		82 -> 95
	96
		82 -> 96
	97
		82 -> 97
	98
		83 -> 98
	99
		83 -> 99
}