digraph {
	0
	1
		0 -> 1
	2
		0 -> 2
	3
		0 -> 3
	4
		0 -> 4
	5
		0 -> 5
	6
		1 -> 6
		2 -> 6
		3 -> 6
		4 -> 6
		5 -> 6
	7
		6 -> 7
	8
		6 -> 8
	9
		6 -> 9
	10
		6 -> 10
	11
		6 -> 11
	12
		7 -> 12
	13
		7 -> 13
	14
		7 -> 14
	15
		7 -> 15
	16
		7 -> 16
	17
		8 -> 17
	18
		8 -> 18
	19
		8 -> 19
	20
		8 -> 20
	21
		8 -> 21
	22
		9 -> 22
		10 -> 22
		11 -> 22
		12 -> 22
		13 -> 22
	23
		14 -> 23
	24
		14 -> 24
	25
		14 -> 25
	26
		14 -> 26
	27
		14 -> 27
	28
		15 -> 28
		16 -> 28
		17 -> 28
		18 -> 28
		19 -> 28
	29
		20 -> 29
	30
		20 -> 30
	31
		20 -> 31
	32
		20 -> 32
	33
		20 -> 33
	34
		21 -> 34
		22 -> 34
		23 -> 34
		24 -> 34
		25 -> 34
	35
		26 -> 35
	36
		26 -> 36
	37
		26 -> 37
	38
		26 -> 38
	39
		26 -> 39
	40
		27 -> 40
	41
		27 -> 41
	42
		27 -> 42
	43
		27 -> 43
	44
		27 -> 44
	45
		28 -> 45
		29 -> 45
		30 -> 45
		31 -> 45
		32 -> 45
	46
		33 -> 46
		34 -> 46
		35 -> 46
		36 -> 46
		37 -> 46
	47
		38 -> 47
		39 -> 47
		40 -> 47
		41 -> 47
		42 -> 47
	48
		43 -> 48
	49
		43 -> 49
	50
		43 -> 50
	51
		43 -> 51
	52
		43 -> 52
	53
		44 -> 53
		45 -> 53
		46 -> 53
		47 -> 53
		48 -> 53
	54
		49 -> 54
		50 -> 54
		51 -> 54
		52 -> 54
		53 -> 54
	55
		54 -> 55
	56
		54 -> 56
	57
		54 -> 57
	58
		54 -> 58
	59
		54 -> 59
	60
		55 -> 60
	61
		55 -> 61
	62
		55 -> 62
	63
		55 -> 63
	64
		55 -> 64
	65
		56 -> 65
		57 -> 65
		58 -> 65
		59 -> 65
		60 -> 65
	66
		61 -> 66
		62 -> 66
		63 -> 66
		64 -> 66
		65 -> 66
	67
		66 -> 67
	68
		66 -> 68
	69
		66 -> 69
	70
		66 -> 70
	71
		66 -> 71
	72
		67 -> 72
		68 -> 72
		69 -> 72
		70 -> 72
		71 -> 72
	73
		72 -> 73
	74
		72 -> 74
	75
		72 -> 75
	76
		72 -> 76
	77
		72 -> 77
	78
		73 -> 78
		74 -> 78
		75 -> 78
		76 -> 78
		77 -> 78
	79
		78 -> 79
	80
		78 -> 80
	81
		78 -> 81
	82
		78 -> 82
	83
		78 -> 83
	84
		79 -> 84
		80 -> 84
		81 -> 84
		82 -> 84
		83 -> 84
	85
		84 -> 85
	86
		84 -> 86
	87
		84 -> 87
	88
		84 -> 88
	89
		84 -> 89
	90
		85 -> 90
	91
		85 -> 91
	92
		85 -> 92
	93
		85 -> 93
	94
		85 -> 94
	95
		86 -> 95
	96
		86 -> 96
	97
		86 -> 97
	98
		86 -> 98
	99
		86 -> 99
}